$ANSIBLE_VAULT;1.1;AES256
61343966393963313166306434616634336331393661663765653833353533323938306333346230
6265303231306164633536376666636664366365663734310a373235643232373733303837616238
62646636393332643064623530323638373132353132356362623564316562373364653761613735
6430666339396365310a366663643539363563363833646530376361386338323861636462633866
31346535303534373332636461316264393037663362373966623839643764653633306333323862
35396665646263656635636536323030313238383363643332373639636138666338626364353965
62366638376361323538366431613562636161643264333962646333323365343233633936343532
38383266633333386163393030306233613931343831373965383261633731353037323030656437
66383962616538393661363836383335653839643862643561343235396161306664396331343665
61653665323135643938616333313436333562313237663230353334633537666662303234663130
62393164353732343838653439633032336134643337396632396132656265646237363536663139
32646230663639616564
