$ANSIBLE_VAULT;1.1;AES256
31613933646231633538316533346330386132306566393736353032323837656332663163343635
3863313763656633383234316366303362633035373530380a393664353539356631346639366439
30316637333562633430353239663463626630306564373439393738393661363032396136356138
6635383661613836360a653839626362336266633333376562666238393465323038663731616162
34663638363062323335343632313133626631616339323536393531303264633866633331376132
62623030623033386330333663376230323937633331626561653131333630643435323765643934
37633530663836346131313762656664633463336438626363663161393966613065646533653464
65633961626531643162376337396439363635643735323037333762356232343165383562653334
30366661313661653563373932353363646334333561656265356164343265613839656465356432
33356465353533386232386139353564306335363832393562316438313034366132313664373532
32356138663036633134313734376534633932323730376439336232386363386434396234376365
35613864653937663732626633613962356336336333356233656532626630383330626261643435
65326532663035343837623938373931396139626636333561363065666337333337643135366134
31636165656433363461396162376333336131613362643534373662346636323164316633643136
64356137356630386262393331666562373537633437633437323135616163663639653763656230
38623264613736366537
